LMI_scores = [
    [0.0675, 0.118, 0.1118, 0.1615, 0.1821, 0.272, 0.2053, 0.2004, 0.2564, 0.3376],
    [0.1465, 0.1162, 0.2148, 0.2501, 0.1949, 0.2001, 0.3089, 0.1783, 0.3601, 0.2023],
    [0.1257, 0.1499, 0.2392, 0.1599, 0.2393, 0.2371, 0.2441, 0.2097, 0.3572, 0.2798],
    [0.1141, 0.0953, 0.1713, 0.2094, 0.1788, 0.2038, 0.325, 0.2189, 0.305, 0.2367],
    [0.0303, 0.1778, 0.1189, 0.1707, 0.2672, 0.2857, 0.2022, 0.2174, 0.2516, 0.329],
    [0.1162, 0.1667, 0.1488, 0.1972, 0.2191, 0.192, 0.2491, 0.2451, 0.3002, 0.1842],
    [0.0381, 0.172, 0.2435, 0.1817, 0.2406, 0.2652, 0.2494, 0.1603, 0.3022, 0.1765],
    [0.1315, 0.1539, 0.1311, 0.1288, 0.171, 0.255, 0.2749, 0.2544, 0.2681, 0.3252],
    [0.128, 0.1602, 0.1383, 0.1728, 0.2764, 0.2378, 0.1879, 0.2773, 0.2782, 0.2431],
    [0.045, 0.1777, 0.1094, 0.1546, 0.2671, 0.1488, 0.2303, 0.2939, 0.259, 0.3333],
    [0.0705, 0.1219, 0.1633, 0.1483, 0.1848, 0.2193, 0.2078, 0.3133, 0.3591, 0.2262],
    [0.1357, 0.128, 0.1705, 0.1743, 0.2575, 0.1826, 0.2524, 0.299, 0.2409, 0.3282],
    [0.0449, 0.1624, 0.1046, 0.2269, 0.1448, 0.2436, 0.2234, 0.2417, 0.292, 0.2935],
    [0.08, 0.2189, 0.1822, 0.124, 0.1729, 0.206, 0.3498, 0.2691, 0.3339, 0.3345],
    [0.0952, 0.1863, 0.0724, 0.2082, 0.1817, 0.224, 0.1902, 0.1952, 0.2298, 0.298],
    [0.0745, 0.135, 0.1094, 0.208, 0.1664, 0.2377, 0.1295, 0.2652, 0.2593, 0.2841],
    [0.1232, 0.0866, 0.1105, 0.1923, 0.154, 0.2779, 0.2086, 0.3161, 0.2337, 0.2448],
    [0.1343, 0.1832, 0.1372, 0.2072, 0.1726, 0.2287, 0.1548, 0.2662, 0.2697, 0.2275],
    [0.1378, 0.1836, 0.1347, 0.1831, 0.1463, 0.183, 0.2455, 0.1671, 0.2502, 0.3274],
    [0.0335, 0.106, 0.1883, 0.2228, 0.2233, 0.3157, 0.2196, 0.2988, 0.1885, 0.2978],
]

PMI_scores = [
    [],
    [],
    [],
    [],
    [],
    [],
    [],
    [],
    [],
    [],
    [],
    [],
    [],
    [],
    [],
    [],
    [],
    [],
    [],
    [],
]
